45.7
45.75
45.75
45.75
45.8
45.85
45.85
45.9
45.95
46
46.05
46.1
46.15
46.2
46.3
46.35
46.45
46.5
46.6
46.65
46.75
46.85
46.9
47
47.15
47.25
47.35
47.45
47.55
47.7
47.8
47.9
48.05
48.15
48.35
48.5
48.6
48.75
48.95
49.1
49.3
49.5
49.7
49.85
50.1
50.3
50.55
50.7
50.95
51.2
51.5
51.7
51.95
52.2
52.5
52.75
53.05
53.3
53.6
53.75
53.9
54.15
54.45
54.75
55.05
55.35
55.65
55.9
56.2
56.55
56.8
57.1
57.35
57.65
57.95
58.2
58.5
58.75
59
59.3
59.6
59.85
60.05
60.3
60.55
60.8
61.05
61.3
61.55
61.7
61.95
62.2
62.4
62.65
62.8
63.05
63.25
63.45
63.7
63.9
64.15
64.35
64.55
64.75
65
65.2
65.45
65.65
65.9
66.1
66.35
66.6
66.85
67.1
67.35
67.6
67.8
68.05
68.35
68.6
68.9
69.15
69.45
69.75
70.05
70.3
70.6
70.85
71.2
71.5
71.8
72.1
72.4
72.7
73
73.3
73.6
73.9
74.15
74.5
74.8
75.1
75.35
75.65
75.95
76.2
76.45
76.75
77
77.3
77.5
77.75
78.05
78.25
78.5
78.75
78.95
79.2
79.35
79.6
79.8
79.95
80.15
80.35
80.55
80.7
80.85
81
81.2
81.35
81.5
81.6
81.75
81.9
82
82.15
82.25
82.4
82.45
82.6
82.7
82.8
82.9
83
83.1
83.15
83.3
83.4
83.45
83.55
83.65
83.7
83.8
83.85
83.95
84
84.1
84.15
84.25
84.3
84.4
84.45
84.5
84.55
84.65
84.65
84.75
84.8
84.8
84.9
84.9
84.95
85
85
85
85.05
85.1
85.1
85.1
85.05
85.05
85.05
85.05
84.95
84.9
84.9
84.8
84.75
84.65
84.6
84.5
84.35
84.25
84.1
84
83.85
83.65
83.5
83.3
83.15
82.95
82.75
82.5
82.3
82.05
81.8
81.55
81.25
81
80.7
80.4
80.1
79.8
79.5
79.2
78.8
78.5
78.15
77.8
77.45
77.15
76.75
76.4
76.05
75.7
75.35
74.95
74.6
74.25
73.85
73.5
73.2
72.8
72.45
72.1
71.75
71.4
71.05
70.75
70.4
70
69.7
69.35
69.05
68.75
68.4
68.1
67.8
67.4
67.1
66.8
66.5
66.2
65.85
65.55
65.2
64.9
64.6
64.3
63.95
63.65
63.25
62.95
62.65
62.3
61.95
61.6
61.25
60.9
60.55
60.2
59.85
59.45
59.1
58.7
58.3
57.95
57.55
57.2
56.75
56.35
56
55.6
55.2
54.85
54.4
54.05
53.65
53.25
52.9
52.5
52.15
51.8
51.45
51.1
50.75
50.45
50.1
49.8
49.5
49.2
48.95
48.65
48.4
48.1
47.9
47.65
47.45
47.25
47.1
46.9
46.75
46.6
46.5
46.35
46.25
46.15
46.05
45.95
45.95
45.85
45.8
45.8
45.75
45.75
45.75
