00_zeros

5 3 4  6 7 8  9 1 2  
6 7 2  1 9 5  3 4 8  
1 9 8  3 4 2  5 6 7  
8 5 9  7 6 1  4 2 3  
4 2 6  8 5 3  7 9 1  
7 1 3  9 2 4  8 5 6  
9 6 1  5 3 7  2 8 4  
2 8 7  4 1 9  6 3 5  
3 4 5  2 8 6  1 7 9 
 
01_zeros

5 3 0  6 7 8  9 1 2  
6 7 2  1 9 5  3 4 8  
1 9 8  3 4 2  5 6 7  
8 5 9  7 6 1  4 2 3  
4 2 6  8 5 3  7 9 1  
7 1 3  9 2 4  8 5 6  
9 6 1  5 3 7  2 8 4  
2 8 7  4 1 9  6 3 5  
3 4 5  2 8 6  1 7 9 
 
02_zeros

5 3 0  0 7 8  9 1 2  
6 7 2  1 9 5  3 4 8  
1 9 8  3 4 2  5 6 7  
8 5 9  7 6 1  4 2 3  
4 2 6  8 5 3  7 9 1  
7 1 3  9 2 4  8 5 6  
9 6 1  5 3 7  2 8 4  
2 8 7  4 1 9  6 3 5  
3 4 5  2 8 6  1 7 9 
 
03_zeros

5 3 0  0 7 0  9 1 2  
6 7 2  1 9 5  3 4 8  
1 9 8  3 4 2  5 6 7  
8 5 9  7 6 1  4 2 3  
4 2 6  8 5 3  7 9 1  
7 1 3  9 2 4  8 5 6  
9 6 1  5 3 7  2 8 4  
2 8 7  4 1 9  6 3 5  
3 4 5  2 8 6  1 7 9 
 
04_zeros

5 3 0  0 7 0  0 1 2  
6 7 2  1 9 5  3 4 8  
1 9 8  3 4 2  5 6 7  
8 5 9  7 6 1  4 2 3  
4 2 6  8 5 3  7 9 1  
7 1 3  9 2 4  8 5 6  
9 6 1  5 3 7  2 8 4  
2 8 7  4 1 9  6 3 5  
3 4 5  2 8 6  1 7 9 
 
05_zeros

5 3 0  0 7 0  0 0 2  
6 7 2  1 9 5  3 4 8  
1 9 8  3 4 2  5 6 7  
8 5 9  7 6 1  4 2 3  
4 2 6  8 5 3  7 9 1  
7 1 3  9 2 4  8 5 6  
9 6 1  5 3 7  2 8 4  
2 8 7  4 1 9  6 3 5  
3 4 5  2 8 6  1 7 9 
 
06_zeros

5 3 0  0 7 0  0 0 0  
6 7 2  1 9 5  3 4 8  
1 9 8  3 4 2  5 6 7  
8 5 9  7 6 1  4 2 3  
4 2 6  8 5 3  7 9 1  
7 1 3  9 2 4  8 5 6  
9 6 1  5 3 7  2 8 4  
2 8 7  4 1 9  6 3 5  
3 4 5  2 8 6  1 7 9 
 
07_zeros

5 3 0  0 7 0  0 0 0  
6 7 2  1 9 5  3 4 8  
1 9 8  3 4 2  5 6 7  
8 5 9  7 6 1  4 2 3  
4 2 6  8 5 3  7 9 1  
7 1 3  9 2 4  8 5 6  
9 6 1  5 3 7  2 8 4  
2 8 7  4 1 9  6 3 5  
0 4 5  2 8 6  1 7 9 
 
08_zeros

5 3 0  0 7 0  0 0 0  
6 7 2  1 9 5  3 4 8  
1 9 8  3 4 2  5 6 7  
8 5 9  7 6 1  4 2 3  
4 2 6  8 5 3  7 9 1  
7 1 3  9 2 4  8 5 6  
9 6 1  5 3 7  2 8 4  
2 8 7  4 1 9  6 3 5  
0 0 5  2 8 6  1 7 9 
 
09_zeros

5 3 0  0 7 0  0 0 0  
6 7 2  1 9 5  3 4 8  
1 9 8  3 4 2  5 6 7  
8 5 9  7 6 1  4 2 3  
4 2 6  8 5 3  7 9 1  
7 1 3  9 2 4  8 5 6  
9 6 1  5 3 7  2 8 4  
2 8 7  4 1 9  6 3 5  
0 0 0  2 8 6  1 7 9 
 
10_zeros

5 3 0  0 7 0  0 0 0  
6 7 2  1 9 5  3 4 8  
1 9 8  3 4 2  5 6 7  
8 5 9  7 6 1  4 2 3  
4 2 6  8 5 3  7 9 1  
7 1 3  9 2 4  8 5 6  
9 6 1  5 3 7  2 8 4  
2 8 7  4 1 9  6 3 5  
0 0 0  2 8 6  1 7 9 
 
11_zeros

5 3 0  0 7 0  0 0 0  
6 7 2  1 9 5  3 4 8  
1 9 8  3 4 2  5 6 7  
8 5 9  7 6 1  4 2 3  
4 2 6  8 5 3  7 9 1  
7 1 3  9 2 4  8 5 6  
9 6 1  5 3 7  2 8 4  
2 8 7  4 1 9  6 3 5  
0 0 0  0 8 6  1 7 9 
 
12_zeros

5 3 0  0 7 0  0 0 0  
6 7 2  1 9 5  3 4 8  
1 9 8  3 4 2  5 6 7  
8 5 9  7 6 1  4 2 3  
4 2 6  8 5 3  7 9 1  
7 1 3  9 2 4  8 5 6  
9 6 1  5 3 7  2 8 4  
2 8 7  4 1 9  6 3 5  
0 0 0  0 8 0  1 7 9 
 
13_zeros

5 3 0  0 7 0  0 0 0  
6 7 2  1 9 5  3 4 8  
1 9 8  3 4 2  5 6 7  
8 5 9  7 6 1  4 2 3  
4 2 6  8 5 3  7 9 1  
7 1 3  9 2 4  8 5 6  
9 6 1  5 3 7  2 8 4  
2 8 7  4 1 9  6 3 5  
0 0 0  0 8 0  0 7 9 
 
14_zeros

5 3 0  0 7 0  0 0 0  
6 0 2  1 9 5  3 4 8  
1 9 8  3 4 2  5 6 7  
8 5 9  7 6 1  4 2 3  
4 2 6  8 5 3  7 9 1  
7 1 3  9 2 4  8 5 6  
9 6 1  5 3 7  2 8 4  
2 8 7  4 1 9  6 3 5  
0 0 0  0 8 0  0 7 9 
 
15_zeros

5 3 0  0 7 0  0 0 0  
6 0 0  1 9 5  3 4 8  
1 9 8  3 4 2  5 6 7  
8 5 9  7 6 1  4 2 3  
4 2 6  8 5 3  7 9 1  
7 1 3  9 2 4  8 5 6  
9 6 1  5 3 7  2 8 4  
2 8 7  4 1 9  6 3 5  
0 0 0  0 8 0  0 7 9 
 
16_zeros

5 3 0  0 7 0  0 0 0  
6 0 0  1 9 5  0 4 8  
1 9 8  3 4 2  5 6 7  
8 5 9  7 6 1  4 2 3  
4 2 6  8 5 3  7 9 1  
7 1 3  9 2 4  8 5 6  
9 6 1  5 3 7  2 8 4  
2 8 7  4 1 9  6 3 5  
0 0 0  0 8 0  0 7 9 
 
17_zeros

5 3 0  0 7 0  0 0 0  
6 0 0  1 9 5  0 0 8  
1 9 8  3 4 2  5 6 7  
8 5 9  7 6 1  4 2 3  
4 2 6  8 5 3  7 9 1  
7 1 3  9 2 4  8 5 6  
9 6 1  5 3 7  2 8 4  
2 8 7  4 1 9  6 3 5  
0 0 0  0 8 0  0 7 9 
 
18_zeros

5 3 0  0 7 0  0 0 0  
6 0 0  1 9 5  0 0 0  
1 9 8  3 4 2  5 6 7  
8 5 9  7 6 1  4 2 3  
4 2 6  8 5 3  7 9 1  
7 1 3  9 2 4  8 5 6  
9 6 1  5 3 7  2 8 4  
2 8 7  4 1 9  6 3 5  
0 0 0  0 8 0  0 7 9 
 
19_zeros

5 3 0  0 7 0  0 0 0  
6 0 0  1 9 5  0 0 0  
1 9 8  3 4 2  5 6 7  
8 5 9  7 6 1  4 2 3  
4 2 6  8 5 3  7 9 1  
7 1 3  9 2 4  8 5 6  
9 6 1  5 3 7  2 8 4  
0 8 7  4 1 9  6 3 5  
0 0 0  0 8 0  0 7 9 
 
20_zeros

5 3 0  0 7 0  0 0 0  
6 0 0  1 9 5  0 0 0  
1 9 8  3 4 2  5 6 7  
8 5 9  7 6 1  4 2 3  
4 2 6  8 5 3  7 9 1  
7 1 3  9 2 4  8 5 6  
9 6 1  5 3 7  2 8 4  
0 0 7  4 1 9  6 3 5  
0 0 0  0 8 0  0 7 9 
 
21_zeros

5 3 0  0 7 0  0 0 0  
6 0 0  1 9 5  0 0 0  
1 9 8  3 4 2  5 6 7  
8 5 9  7 6 1  4 2 3  
4 2 6  8 5 3  7 9 1  
7 1 3  9 2 4  8 5 6  
9 6 1  5 3 7  2 8 4  
0 0 0  4 1 9  6 3 5  
0 0 0  0 8 0  0 7 9 
 
22_zeros

5 3 0  0 7 0  0 0 0  
6 0 0  1 9 5  0 0 0  
1 9 8  3 4 2  5 6 7  
8 5 9  7 6 1  4 2 3  
4 2 6  8 5 3  7 9 1  
7 1 3  9 2 4  8 5 6  
9 6 1  5 3 7  2 8 4  
0 0 0  4 1 9  0 3 5  
0 0 0  0 8 0  0 7 9 
 
23_zeros

5 3 0  0 7 0  0 0 0  
6 0 0  1 9 5  0 0 0  
1 9 8  3 4 2  5 6 7  
8 5 9  7 6 1  4 2 3  
4 2 6  8 5 3  7 9 1  
7 1 3  9 2 4  8 5 6  
9 6 1  5 3 7  2 8 4  
0 0 0  4 1 9  0 0 5  
0 0 0  0 8 0  0 7 9 
 
24_zeros

5 3 0  0 7 0  0 0 0  
6 0 0  1 9 5  0 0 0  
0 9 8  3 4 2  5 6 7  
8 5 9  7 6 1  4 2 3  
4 2 6  8 5 3  7 9 1  
7 1 3  9 2 4  8 5 6  
9 6 1  5 3 7  2 8 4  
0 0 0  4 1 9  0 0 5  
0 0 0  0 8 0  0 7 9 
 
25_zeros

5 3 0  0 7 0  0 0 0  
6 0 0  1 9 5  0 0 0  
0 9 8  0 4 2  5 6 7  
8 5 9  7 6 1  4 2 3  
4 2 6  8 5 3  7 9 1  
7 1 3  9 2 4  8 5 6  
9 6 1  5 3 7  2 8 4  
0 0 0  4 1 9  0 0 5  
0 0 0  0 8 0  0 7 9 
 
26_zeros

5 3 0  0 7 0  0 0 0  
6 0 0  1 9 5  0 0 0  
0 9 8  0 0 2  5 6 7  
8 5 9  7 6 1  4 2 3  
4 2 6  8 5 3  7 9 1  
7 1 3  9 2 4  8 5 6  
9 6 1  5 3 7  2 8 4  
0 0 0  4 1 9  0 0 5  
0 0 0  0 8 0  0 7 9 
 
27_zeros

5 3 0  0 7 0  0 0 0  
6 0 0  1 9 5  0 0 0  
0 9 8  0 0 0  5 6 7  
8 5 9  7 6 1  4 2 3  
4 2 6  8 5 3  7 9 1  
7 1 3  9 2 4  8 5 6  
9 6 1  5 3 7  2 8 4  
0 0 0  4 1 9  0 0 5  
0 0 0  0 8 0  0 7 9 
 
28_zeros

5 3 0  0 7 0  0 0 0  
6 0 0  1 9 5  0 0 0  
0 9 8  0 0 0  0 6 7  
8 5 9  7 6 1  4 2 3  
4 2 6  8 5 3  7 9 1  
7 1 3  9 2 4  8 5 6  
9 6 1  5 3 7  2 8 4  
0 0 0  4 1 9  0 0 5  
0 0 0  0 8 0  0 7 9 
 
29_zeros

5 3 0  0 7 0  0 0 0  
6 0 0  1 9 5  0 0 0  
0 9 8  0 0 0  0 6 0  
8 5 9  7 6 1  4 2 3  
4 2 6  8 5 3  7 9 1  
7 1 3  9 2 4  8 5 6  
9 6 1  5 3 7  2 8 4  
0 0 0  4 1 9  0 0 5  
0 0 0  0 8 0  0 7 9 
 
30_zeros

5 3 0  0 7 0  0 0 0  
6 0 0  1 9 5  0 0 0  
0 9 8  0 0 0  0 6 0  
8 5 9  7 6 1  4 2 3  
4 2 6  8 5 3  7 9 1  
7 1 3  9 2 4  8 5 6  
0 6 1  5 3 7  2 8 4  
0 0 0  4 1 9  0 0 5  
0 0 0  0 8 0  0 7 9 
 
31_zeros

5 3 0  0 7 0  0 0 0  
6 0 0  1 9 5  0 0 0  
0 9 8  0 0 0  0 6 0  
8 5 9  7 6 1  4 2 3  
4 2 6  8 5 3  7 9 1  
7 1 3  9 2 4  8 5 6  
0 6 0  5 3 7  2 8 4  
0 0 0  4 1 9  0 0 5  
0 0 0  0 8 0  0 7 9 
 
32_zeros

5 3 0  0 7 0  0 0 0  
6 0 0  1 9 5  0 0 0  
0 9 8  0 0 0  0 6 0  
8 5 9  7 6 1  4 2 3  
4 2 6  8 5 3  7 9 1  
7 1 3  9 2 4  8 5 6  
0 6 0  0 3 7  2 8 4  
0 0 0  4 1 9  0 0 5  
0 0 0  0 8 0  0 7 9 
 
33_zeros

5 3 0  0 7 0  0 0 0  
6 0 0  1 9 5  0 0 0  
0 9 8  0 0 0  0 6 0  
8 5 9  7 6 1  4 2 3  
4 2 6  8 5 3  7 9 1  
7 1 3  9 2 4  8 5 6  
0 6 0  0 0 7  2 8 4  
0 0 0  4 1 9  0 0 5  
0 0 0  0 8 0  0 7 9 
 
34_zeros

5 3 0  0 7 0  0 0 0  
6 0 0  1 9 5  0 0 0  
0 9 8  0 0 0  0 6 0  
8 5 9  7 6 1  4 2 3  
4 2 6  8 5 3  7 9 1  
7 1 3  9 2 4  8 5 6  
0 6 0  0 0 0  2 8 4  
0 0 0  4 1 9  0 0 5  
0 0 0  0 8 0  0 7 9 
 
35_zeros

5 3 0  0 7 0  0 0 0  
6 0 0  1 9 5  0 0 0  
0 9 8  0 0 0  0 6 0  
8 5 9  7 6 1  4 2 3  
4 2 6  8 5 3  7 9 1  
7 1 3  9 2 4  8 5 6  
0 6 0  0 0 0  2 8 0  
0 0 0  4 1 9  0 0 5  
0 0 0  0 8 0  0 7 9 
 
36_zeros

5 3 0  0 7 0  0 0 0  
6 0 0  1 9 5  0 0 0  
0 9 8  0 0 0  0 6 0  
8 0 9  7 6 1  4 2 3  
4 2 6  8 5 3  7 9 1  
7 1 3  9 2 4  8 5 6  
0 6 0  0 0 0  2 8 0  
0 0 0  4 1 9  0 0 5  
0 0 0  0 8 0  0 7 9 
 
37_zeros

5 3 0  0 7 0  0 0 0  
6 0 0  1 9 5  0 0 0  
0 9 8  0 0 0  0 6 0  
8 0 0  7 6 1  4 2 3  
4 2 6  8 5 3  7 9 1  
7 1 3  9 2 4  8 5 6  
0 6 0  0 0 0  2 8 0  
0 0 0  4 1 9  0 0 5  
0 0 0  0 8 0  0 7 9 
 
38_zeros

5 3 0  0 7 0  0 0 0  
6 0 0  1 9 5  0 0 0  
0 9 8  0 0 0  0 6 0  
8 0 0  0 6 1  4 2 3  
4 2 6  8 5 3  7 9 1  
7 1 3  9 2 4  8 5 6  
0 6 0  0 0 0  2 8 0  
0 0 0  4 1 9  0 0 5  
0 0 0  0 8 0  0 7 9 
 
39_zeros

5 3 0  0 7 0  0 0 0  
6 0 0  1 9 5  0 0 0  
0 9 8  0 0 0  0 6 0  
8 0 0  0 6 0  4 2 3  
4 2 6  8 5 3  7 9 1  
7 1 3  9 2 4  8 5 6  
0 6 0  0 0 0  2 8 0  
0 0 0  4 1 9  0 0 5  
0 0 0  0 8 0  0 7 9 
 
40_zeros

5 3 0  0 7 0  0 0 0  
6 0 0  1 9 5  0 0 0  
0 9 8  0 0 0  0 6 0  
8 0 0  0 6 0  0 2 3  
4 2 6  8 5 3  7 9 1  
7 1 3  9 2 4  8 5 6  
0 6 0  0 0 0  2 8 0  
0 0 0  4 1 9  0 0 5  
0 0 0  0 8 0  0 7 9 
 
41_zeros

5 3 0  0 7 0  0 0 0  
6 0 0  1 9 5  0 0 0  
0 9 8  0 0 0  0 6 0  
8 0 0  0 6 0  0 0 3  
4 2 6  8 5 3  7 9 1  
7 1 3  9 2 4  8 5 6  
0 6 0  0 0 0  2 8 0  
0 0 0  4 1 9  0 0 5  
0 0 0  0 8 0  0 7 9 
 
42_zeros

5 3 0  0 7 0  0 0 0  
6 0 0  1 9 5  0 0 0  
0 9 8  0 0 0  0 6 0  
8 0 0  0 6 0  0 0 3  
4 2 6  8 5 3  7 9 1  
7 0 3  9 2 4  8 5 6  
0 6 0  0 0 0  2 8 0  
0 0 0  4 1 9  0 0 5  
0 0 0  0 8 0  0 7 9 
 
43_zeros

5 3 0  0 7 0  0 0 0  
6 0 0  1 9 5  0 0 0  
0 9 8  0 0 0  0 6 0  
8 0 0  0 6 0  0 0 3  
4 2 6  8 5 3  7 9 1  
7 0 0  9 2 4  8 5 6  
0 6 0  0 0 0  2 8 0  
0 0 0  4 1 9  0 0 5  
0 0 0  0 8 0  0 7 9 
 
44_zeros

5 3 0  0 7 0  0 0 0  
6 0 0  1 9 5  0 0 0  
0 9 8  0 0 0  0 6 0  
8 0 0  0 6 0  0 0 3  
4 2 6  8 5 3  7 9 1  
7 0 0  0 2 4  8 5 6  
0 6 0  0 0 0  2 8 0  
0 0 0  4 1 9  0 0 5  
0 0 0  0 8 0  0 7 9 
 
45_zeros

5 3 0  0 7 0  0 0 0  
6 0 0  1 9 5  0 0 0  
0 9 8  0 0 0  0 6 0  
8 0 0  0 6 0  0 0 3  
4 2 6  8 5 3  7 9 1  
7 0 0  0 2 0  8 5 6  
0 6 0  0 0 0  2 8 0  
0 0 0  4 1 9  0 0 5  
0 0 0  0 8 0  0 7 9 
 
46_zeros

5 3 0  0 7 0  0 0 0  
6 0 0  1 9 5  0 0 0  
0 9 8  0 0 0  0 6 0  
8 0 0  0 6 0  0 0 3  
4 2 6  8 5 3  7 9 1  
7 0 0  0 2 0  0 5 6  
0 6 0  0 0 0  2 8 0  
0 0 0  4 1 9  0 0 5  
0 0 0  0 8 0  0 7 9 
 
47_zeros

5 3 0  0 7 0  0 0 0  
6 0 0  1 9 5  0 0 0  
0 9 8  0 0 0  0 6 0  
8 0 0  0 6 0  0 0 3  
4 2 6  8 5 3  7 9 1  
7 0 0  0 2 0  0 0 6  
0 6 0  0 0 0  2 8 0  
0 0 0  4 1 9  0 0 5  
0 0 0  0 8 0  0 7 9 
 
48_zeros

5 3 0  0 7 0  0 0 0  
6 0 0  1 9 5  0 0 0  
0 9 8  0 0 0  0 6 0  
8 0 0  0 6 0  0 0 3  
4 0 6  8 5 3  7 9 1  
7 0 0  0 2 0  0 0 6  
0 6 0  0 0 0  2 8 0  
0 0 0  4 1 9  0 0 5  
0 0 0  0 8 0  0 7 9 
 
49_zeros

5 3 0  0 7 0  0 0 0  
6 0 0  1 9 5  0 0 0  
0 9 8  0 0 0  0 6 0  
8 0 0  0 6 0  0 0 3  
4 0 0  8 5 3  7 9 1  
7 0 0  0 2 0  0 0 6  
0 6 0  0 0 0  2 8 0  
0 0 0  4 1 9  0 0 5  
0 0 0  0 8 0  0 7 9 
 
50_zeros

5 3 0  0 7 0  0 0 0  
6 0 0  1 9 5  0 0 0  
0 9 8  0 0 0  0 6 0  
8 0 0  0 6 0  0 0 3  
4 0 0  8 0 3  7 9 1  
7 0 0  0 2 0  0 0 6  
0 6 0  0 0 0  2 8 0  
0 0 0  4 1 9  0 0 5  
0 0 0  0 8 0  0 7 9 
 
51_zeros

5 3 0  0 7 0  0 0 0  
6 0 0  1 9 5  0 0 0  
0 9 8  0 0 0  0 6 0  
8 0 0  0 6 0  0 0 3  
4 0 0  8 0 3  0 9 1  
7 0 0  0 2 0  0 0 6  
0 6 0  0 0 0  2 8 0  
0 0 0  4 1 9  0 0 5  
0 0 0  0 8 0  0 7 9 
 
52_zeros

5 3 0  0 7 0  0 0 0  
6 0 0  1 9 5  0 0 0  
0 9 8  0 0 0  0 6 0  
8 0 0  0 6 0  0 0 3  
4 0 0  8 0 3  0 0 1  
7 0 0  0 2 0  0 0 6  
0 6 0  0 0 0  2 8 0  
0 0 0  4 1 9  0 0 5  
0 0 0  0 8 0  0 7 9 
 

